200032502000
200000101800
200000300310
200000402800
200000502700
200000601100
200000802100
200001000470
200001200450
200001400350
200001800420
200001900430
200002000580
200002100800
200002500700
200002700500
200002801950
200002901850
200003101350
200003500990
200003600400
200003702600
200003802600
200003900300
200004202200
200004401500
200004501800
200004601350
200004700400
200004801500
200004901500
200005014950
200005400480
200005601890
200005800390
200006100210
200006300490
200006401200
200006501650
200006600530
200006705300
200006800800
200007100800
200007200800
200007300800
200007400800
200007500400
200007600800
200007900800
200008102600
200008200450
200008301790
200008501990
200008600600
200008703000
200008802000
200008900500
200009001890
200009100400
200009200800
200009400260
200009502600
200009801450
200009900800
200010200400
200010301350
200010400400
200010601500
200011001200
200011300580
200011400800
200011502200
200011703500
200011800550
200011901890
200012201800
200012300990
200012400400
200012404000
200012701300
200013300990
200013701600
200014000890
200014201200
200014700580
200014802900
200014902700
200015102300
200015203000
200015300320
200015400950
200015501200
200015700500
200015901350
200016002000
200016100390
200016200460
200016300590
200016601990
200016800399
200016902390
200017001800
200017100290
200017300500
200017801500
200018100450
200018202190
200018301600
200018400600
200018700380
200018800299
200018900500
200019200160
200019401800
200019700890
200019800450
200020000380
200020204000
200020401800
200020500800
200020700399
200020800572
200021200690
200021500800
200021601400
200021700299
200021802100
200021900800
200022000550
200022101680
200022200470
200022300580
200022504000
200022600750
200023004000
200023101500
200023300800
200023500650
200023600400
200024602500
200024800500
200024902500
200025001350
200025102500
200025202200
200025900800
200026001990
200026300660
200026400390
200026601290
200026701290
200026801290
200027007000
200027101290
200027201290
200027300800
200027400800
200027500800
200027600800
200027800800
200027900800
200028000800
200028600260
200028700800
200028800800
200028903000
200029001800
200029100800
200029300460
200029400550
200029501100
200029600290
200029702000
200029800490
200029900390
200030001990
200030104500
200030301000
200031600790
200031701800
200032400680
200031900900
200032000350
200032200590
200035000990
200035101090
200035201190
200035401190
200035501290
200035800790
200036000990
200036301090
200036600790
200036700300
200036800290
200036900590
200037000590
200037101800
200040002080
200043001590
200043100790
200043200510
200043301790
200043400660
200043500490
200043600490
200043700230
200043800590
200043900590
200044001190
200044100490
200044300380
200044400490
200044500500
200044600590
200044700520
200044800340
200044900420
200045000490
200045100420
200045200399
200045301490
200045400750
200045500490
200045600460
200045700690
200046000290
200046100890
200046200390
200046301890
200046400570
200046500350
200046601500
200046703500
200047001790
200047300890
200048003000
200048600790
200048700990
200048803000
200049000850
200049201800
200049301800
200049401800
200049501600
200049900299
200060702230
200060902080
200061901890
200062600299
200063200230
200065600490
200067401350
200070102200
200070204000
200070402800
200070502700
200070601100
200070802100
200070903000
200071301600
200071400430
200071500510
200071602190
200071800420
200072301350
200072400320
200072700400
200072901850
200073101400
200073306000
200073600400
200073702600
200074000490
200074202200
200074401500
200074901790
200075100590
200075301200
200075501545
200075601890
200075700390
200076000900
200076200690
200076501200
200076602900
200076700350
200076900790
200077001350
200077100580
200077400660
200077500890
200077600990
200077800490
200078000570
200078100420
200078304000
200078400590
200078500599
200078601890
200079502600
200079704000
200079801450
200080002600
200080200750
200080701390
200080804900
200081000380
200081301490
200081701490
200082402990
200082502990
200082605267
200083201090
200083300890
200083401190
200083601290
200083800790
200084000790
200084100990
200084500990
200084600990
200085500650
200085600990
200085700950
200086000890
200086200690
200086401290
200086600760
200087201690
200086702990
200086902100
200087002700
200087101890
200087900790
200088102100
200090105800
200090404200
200090601800
200090703990
200090904600
200091004190
200091404300
200092101800
200092204290
200092401600
200092604300
200093007500
200094306500
200105201200
200112700460
200118002600
200130201390
200130301490
200131501990
200131904880
200132201900
200132301490
200132404300
200132504300
200132601890
200133001690
200133201990
200133501090
200134405800
200134701690
200134801990
200135005000
200135101690
200135201490
200135302600
200135401490
200135605000
200135901790
200136601690
200136704880
200136901490
200137001290
200137101290
200137201090
200137300990
200137401090
200137501790
200137601190
200137701090
200137801090
200137901090
200138001090
200138101490
200138701090
200140302534
200150201190
200151100790
200151701390
200151804800
200151900299
200152305680
200156004647
200157004300
200157104300
200157200790
200157305900
200157405900
200157505900
200157604500
200157705900
200157901590
200158202500
200158302500
200160200590
200160402800
200160502700
200160601100
200160802100
200160900490
200161400430
200161901890
200162800420
200162901850
200163002364
200163400590
200163602400
200163702600
200164202200
200164401500
200164601350
200164701800
200164900230
200165202600
200165500320
200165801775
200166400350
200166501200
200166601890
200166700790
200166800299
200166900690
200167001800
200167100550
200167300790
200167401350
200167503000
200168000570
200168101200
200168200890
200168400590
200168500490
200168600500
200168903800
200169101000
200169502600
200169801450
200169900890
200170000990
200170100360
200170300230
200170300460
200170701200
200170801090
200171000600
200171100380
200171300390
200171301775
200172101290
200172214950
200173701900
200173801350
200174000350
200174601350
200174800390
200175500420
200176400360
200178001990
200178101090
200178403000
200178502000
200179102900
200179300990
200179401600
200179600590
200182301350
200210100600
200216300690
200216800790
200230001690
200230701790
200280101290
200190404200
200139701990
200094404190