2000325020002
2000001018002
2000003003105
2000004028008
2000005027000
2000006011008
2000008021005
2000010004706
2000012004506
2000014003507
2000018004203
2000019004301
2000020005809
2000021008007
2000025007006
2000027005000
2000028019501
2000029018503
2000031013503
2000035009908
2000036004001
2000037026002
2000038026001
2000039003001
2000042022006
2000044015006
2000045018006
2000046013505
2000047004007
2000048015002
2000049015001
2000050149504
2000054004809
2000056018903
2000058003907
2000061002102
2000063004906
2000064012009
2000065016501
2000066005306
2000067053009
2000068008008
2000071008002
2000072008001
2000073008000
2000074008009
2000075004000
2000076008007
2000079008004
2000081026003
2000082004505
2000083017900
2000085019902
2000086006000
2000087030004
2000088020004
2000089005000
2000090018907
2000091004008
2000092008005
2000094002605
2000095026006
2000098014505
2000099008008
2000102004003
2000103013509
2000104004001
2000106015005
2000110012007
2000113005808
2000114008006
2000115022001
2000117035009
2000118005506
2000119018901
2000122018004
2000123009902
2000124004005
2000124040003
2000127013004
2000133009909
2000137016002
2000140008902
2000142012006
2000147005805
2000148029008
2000149027003
2000151023000
2000152030007
2000153003208
2000154009506
2000155012000
2000157005000
2000159013508
2000160020007
2000161003900
2000162004609
2000163005902
2000166019906
2000168003996
2000169023900
2000170018001
2000171002900
2000173005008
2000178015002
2000181004505
2000182021907
2000183016001
2000184006001
2000187003809
2000188002993
2000189005009
2000192001609
2000194018001
2000197008900
2000198004505
2000200003809
2000202040000
2000204018007
2000205008007
2000207003994
2000208005720
2000212006904
2000215008004
2000216014004
2000217002994
2000218021000
2000219008000
2000220005500
2000221016802
2000222004709
2000223005804
2000225040001
2000226007508
2000230040003
2000231015000
2000233008000
2000235006509
2000236004009
2000246025001
2000248005001
2000249025008
2000250013506
2000251025003
2000252022001
2000259008008
2000260019901
2000263006601
2000264003906
2000266012906
2000267012905
2000268012904
2000270070008
2000271012908
2000272012907
2000273008008
2000274008007
2000275008006
2000276008005
2000278008003
2000279008002
2000280008008
2000286002604
2000287008001
2000288008000
2000289030000
2000290018004
2000291008004
2000293004608
2000294005505
2000295011000
2000296002908
2000297020000
2000298004900
2000299003902
2000300019908
2000301045005
2000303010001
2000316007906
2000317018000
2000324006809
2000319009006
2000320003505
2000322005903
2000350009904
2000351010909
2000352011905
2000354011903
2000355012909
2000358007902
2000360009901
2000363010904
2000366007901
2000367003001
2000368002904
2000369005904
2000370005900
2000371018008
2000400020804
2000430015900
2000431007904
2000432005107
2000433017901
2000434006607
2000435004909
2000436004908
2000437002309
2000438005903
2000439005902
2000440011909
2000441004900
2000443003802
2000444004907
2000445005002
2000446005902
2000447005208
2000448003401
2000449004209
2000450004908
2000451004204
2000452003992
2000453014904
2000454007509
2000455004903
2000456004605
2000457006905
2000460002901
2000461008902
2000462003906
2000463018909
2000464005700
2000465003507
2000466015004
2000467035001
2000470017902
2000473008907
2000480030007
2000486007904
2000487009907
2000488030009
2000490008508
2000492018000
2000493018009
2000494018008
2000495016003
2000499002996
2000607022304
2000609020803
2000619018906
2000626002998
2000632002302
2000656004900
2000674013502
2000701022002
2000702040005
2000704028001
2000705027003
2000706011001
2000708021008
2000709030009
2000713016006
2000714004309
2000715005107
2000716021908
2000718004206
2000723013507
2000724003200
2000727004006
2000729018506
2000731014008
2000733060003
2000736004004
2000737026005
2000740004908
2000742022009
2000744015009
2000749017909
2000751005901
2000753012006
2000755015456
2000756018906
2000757003901
2000760009006
2000762006904
2000765012001
2000766029008
2000767003502
2000769007904
2000770013505
2000771005806
2000774006602
2000775008902
2000776009908
2000778004901
2000780005705
2000781004202
2000783040000
2000784005909
2000785005991
2000786018907
2000795026009
2000797040003
2000798014508
2000800026000
2000802007502
2000807013904
2000808049001
2000810003800
2000813014902
2000817014908
2000824029902
2000825029901
2000826052670
2000832010909
2000833008905
2000834011904
2000836012909
2000838007903
2000840007908
2000841009901
2000845009907
2000846009906
2000855006507
2000856009903
2000857009506
2000860008909
2000862006903
2000864012902
2000866007609
2000872016909
2000867029907
2000869021008
2000870027006
2000871018904
2000879007900
2000881021000
2000901058009
2000904042005
2000906018008
2000907039903
2000909046008
2000910041900
2000914043009
2000921018007
2000922042902
2000924016000
2000926043004
2000930075008
2000943065003
2001052012001
2001127004603
2001180026000
2001302013901
2001303014907
2001315019907
2001319048804
2001322019006
2001323014901
2001324043009
2001325043008
2001326018906
2001330016905
2001332019904
2001335010908
2001344058007
2001347016905
2001348019905
2001350050002
2001351016908
2001352014903
2001353026004
2001354014901
2001356050006
2001359017907
2001366016900
2001367048801
2001369014903
2001370012905
2001371012904
2001372010909
2001373009902
2001374010907
2001375017905
2001376011902
2001377010904
2001378010903
2001379010902
2001380010908
2001381014905
2001387010901
2001403025346
2001502011905
2001511007906
2001517013901
2001518048001
2001519002996
2001523056800
2001560046475
2001570043006
2001571043005
2001572007907
2001573059004
2001574059003
2001575059002
2001576045004
2001577059000
2001579015905
2001582025007
2001583025006
2001602005903
2001604028009
2001605027001
2001606011009
2001608021006
2001609004909
2001614004307
2001619018903
2001628004201
2001629018504
2001630023641
2001634005902
2001636024000
2001637026003
2001642022007
2001644015007
2001646013506
2001647018005
2001649002309
2001652026002
2001655003208
2001658017752
2001664003503
2001665012009
2001666018901
2001667007904
2001668002991
2001669006905
2001670018003
2001671005507
2001673007905
2001674013509
2001675030000
2001680005703
2001681012007
2001682008900
2001684005907
2001685004909
2001686005004
2001689038009
2001691010000
2001695026007
2001698014506
2001699008900
2001700009902
2001701003602
2001703002306
2001703004607
2001707012004
2001708010900
2001710006007
2001711003807
2001713003904
2001713017758
2001721012905
2001722149501
2001737019004
2001738013506
2001740003502
2001746013505
2001748003900
2001755004204
2001764003601
2001780019907
2001781010903
2001784030007
2001785020007
2001791029001
2001793009902
2001794016008
2001796005901
2001823013503
2002101006002
2002163006903
2002168007905
2002300016901
2002307017901
2002801012907
2001904042002
2001397019901
2000944041907
